3000	100	50	300	0	0	0	
7500
7499
7498
7497
7496
7495
7494
7493
7492
7491
7490
7489
7488
7487
7486
7485
7484
7483
7482
7481
7480
7479
7478
7477
7476
7475
7474
7473
7472
7471
7470
7469
7468
7467
7466
7465
7464
7463
7462
7461
7460
7459
7458
7457
7456
7455
7454
7453
7452
7451
7450
7449
7448
7447
7446
7445
7444
7443
7442
7441
7440
7439
7438
7437
7436
7435
7434
7433
7432
7431
7430
7429
7428
7427
7426
7425
7424
7423
7422
7421
7420
7419
7418
7417
7416
7415
7414
7413
7412
7411
7410
7409
7408
7407
7406
7405
7404
7403
7402
7401
7400
7399
7398
7397
7396
7395
7394
7393
7392
7391
7390
7389
7388
7387
7386
7385
7384
7383
7382
7381
7380
7379
7378
7377
7376
7375
7374
7373
7372
7371
7370
7369
7368
7367
7366
7365
7364
7363
7362
7361
7360
7359
7358
7357
7356
7355
7354
7353
7352
7351
7350
7349
7348
7347
7346
7345
7344
7343
7342
7341
7340
7339
7338
7337
7336
7335
7334
7333
7332
7331
7330
7329
7328
7327
7326
7325
7324
7323
7322
7321
7320
7319
7318
7317
7316
7315
7314
7313
7312
7311
7310
7309
7308
7307
7306
7305
7304
7303
7302
7301
7300
7299
7298
7297
7296
7295
7294
7293
7292
7291
7290
7289
7288
7287
7286
7285
7284
7283
7282
7281
7280
7279
7278
7277
7276
7275
7274
7273
7272
7271
7270
7269
7268
7267
7266
7265
7264
7263
7262
7261
7260
7259
7258
7257
7256
7255
7254
7253
7252
7251
7250
7249
7248
7247
7246
7245
7244
7243
7242
7241
7240
7239
7238
7237
7236
7235
7234
7233
7232
7231
7230
7229
7228
7227
7226
7225
7224
7223
7221
7221
7220
7219
7218
7217
7216
7215
7214
7213
7212
7211
7210
7209
7208
7207
7206
7205
7204
7203
7202
7201
7200
7199
7198
7197
7196
7195
7194
7193
7192
7191
7190
7189
7188
7187
7186
7185
7184
7183
7182
7181
7180
7179
7178
7177
7176
7175
7174
7173
7172
7171
7170
7169
7168
7167
7166
7165
7164
7163
7162
7161
7160
7159
7158
7157
7156
7155
7154
7153
7152
7151
7150
7149
7148
7147
7146
7145
7144
7143
7142
7141
7140
7139
7138
7137
7136
7135
7134
7133
7132
7131
7130
7129
7128
7127
7126
7125
7124
7123
7122
7121
7120
7119
7118
7117
7116
7115
7114
7113
7112
7111
7110
7109
7108
7107
7106
7105
7104
7103
7102
7101
7100
7099
7098
7096
7096
7095
7094
7093
7092
7091
7090
7089
7088
7087
7086
7085
7084
7083
7082
7081
7080
7079
7078
7077
7076
7075
7074
7073
7072
7071
7070
7069
7068
7067
7066
7065
7064
7063
7062
7061
7060
7059
7058
7057
7056
7055
7054
7053
7052
7051
7050
7049
7048
7047
7046
7045
7044
7043
7042
7041
7040
7039
7038
7037
7036
7035
7034
7033
7032
7031
7030
7029
7028
7027
7026
7025
7024
7023
7022
7021
7020
7019
7018
7017
7016
7015
7014
7013
7012
7011
7010
7009
7008
7007
7006
7005
7004
7003
7002
7001
7000
6999
6999
6999
6998
6998
6998
6997
6997
6997
6996
6996
6996
6995
6995
6995
6994
6994
6994
6993
6993
6993
6992
6992
6992
6991
6991
6991
6990
6990
6990
6989
6989
6989
6988
6988
6988
6987
6987
6987
6986
6986
6986
6985
6985
6985
6984
6984
6984
6983
6983
6983
6982
6982
6982
6981
6981
6981
6980
6980
6980
6979
6979
6979
6978
6978
6978
6977
6977
6977
6976
6976
6976
6975
6975
6975
6974
6974
6974
6973
6973
6973
6972
6972
6972
6971
6971
6971
6970
6970
6970
6969
6969
6969
6968
6968
6968
6967
6967
6967
6966
6966
6966
6965
6965
6965
6964
6964
6964
6963
6963
6963
6962
6962
6962
6961
6961
6961
6960
6960
6960
6959
6959
6959
6958
6958
6958
6957
6957
6957
6956
6956
6956
6955
6955
6955
6954
6954
6954
6953
6953
6953
6952
6952
6952
6951
6951
6951
6950
6950
6950
6949
6949
6949
6948
6948
6948
6947
6947
6947
6946
6946
6946
6945
6945
6945
6944
6944
6944
6943
6943
6943
6942
6942
6942
6941
6941
6941
6940
6940
6940
6939
6939
6939
6938
6938
6938
6937
6937
6937
6936
6936
6936
6935
6935
6935
6934
6934
6934
6933
6933
6933
6932
6932
6932
6931
6931
6931
6930
6930
6930
6929
6929
6929
6928
6928
6928
6927
6927
6927
6926
6926
6926
6925
6925
6925
6924
6924
6924
6923
6923
6923
6922
6922
6922
6921
6921
6921
6920
6920
6920
6919
6919
6919
6918
6918
6918
6917
6917
6917
6916
6916
6916
6915
6915
6915
6914
6914
6914
6913
6913
6913
6912
6912
6912
6911
6911
6911
6910
6910
6910
6909
6909
6909
6908
6908
6908
6907
6907
6907
6906
6906
6906
6905
6905
6905
6904
6904
6904
6903
6903
6903
6902
6902
6902
6901
6901
6901
6900
6900
6900
6898
6897
6895
6894
6892
6891
6889
6888
6886
6885
6883
6882
6880
6879
6877
6876
6874
6873
6871
6870
6868
6867
6865
6864
6862
6861
6859
6858
6856
6855
6853
6852
6850
6849
6847
6846
6844
6843
6841
6840
6838
6837
6835
6834
6832
6831
6829
6828
6826
6825
6823
6822
6820
6819
6817
6816
6814
6813
6811
6810
6808
6807
6805
6804
6802
6801
6799
6798
6796
6795
6793
6792
6790
6789
6787
6786
6784
6783
6781
6780
6778
6777
6775
6774
6772
6771
6769
6768
6766
6765
6763
6762
6760
6759
6757
6756
6754
6753
6751
6750
6748
6747
6745
6744
6742
6741
6739
6738
6736
6735
6733
6732
6730
6729
6727
6726
6724
6723
6721
6720
6718
6717
6715
6713
6712
6711
6709
6708
6706
6705
6703
6702
6700
6699
6697
6696
6694
6693
6691
6689
6688
6687
6685
6684
6682
6681
6679
6678
6676
6675
6673
6672
6670
6669
6667
6665
6664
6663
6661
6660
6658
6657
6655
6654
6652
6651
6649
6648
6646
6645
6643
6641
6640
6638
6637
6636
6634
6633
6631
6630
6628
6627
6625
6624
6622
6621
6619
6617
6616
6614
6613
6612
6610
6609
6607
6606
6604
6603
6601
6600
6596
6593
6590
6588
6585
6582
6579
6576
6572
6569
6566
6564
6561
6558
6555
6552
6548
6545
6542
6540
6537
6534
6531
6528
6524
6521
6519
6516
6513
6510
6507
6504
6500
6497
6495
6492
6489
6486
6483
6479
6476
6473
6471
6468
6465
6462
6459
6455
6452
6449
6447
6444
6441
6438
6435
6431
6428
6426
6423
6420
6417
6414
6411
6407
6404
6402
6399
6396
6393
6390
6387
6383
6380
6378
6375
6372
6369
6366
6363
6359
6357
6354
6351
6348
6345
6342
6338
6335
6333
6330
6327
6324
6321
6318
6314
6311
6309
6306
6303
6300
6302
6304
6306
6308
6310
6311
6314
6316
6318
6320
6322
6324
6326
6327
6330
6332
6334
6336
6338
6340
6342
6343
6346
6348
6350
6352
6354
6356
6358
6359
6362
6364
6366
6368
6370
6372
6374
6375
6378
6380
6382
6384
6386
6388
6390
6391
6394
6396
6398
6400
6402
6404
6406
6407
6410
6412
6414
6416
6418
6420
6422
6423
6426
6428
6430
6432
6434
6436
6438
6439
6442
6444
6446
6448
6450
6452
6454
6455
6458
6460
6462
6464
6466
6468
6470
6471
6474
6476
6478
6480
6482
6484
6486
6488
6490
6492
6494
6496
6498
6500
6502
6504
6506
6508
6510
6512
6514
6516
6518
6520
6522
6524
6526
6528
6530
6532
6534
6536
6538
6540
6542
6544
6546
6548
6550
6552
6554
6556
6558
6560
6562
6564
6566
6568
6570
6572
6574
6576
6578
6580
6582
6584
6586
6588
6590
6592
6594
6596
6598
6600
6602
6604
6606
6608
6610
6612
6614
6616
6618
6620
6622
6624
6626
6628
6630
6632
6634
6636
6638
6640
6642
6644
6646
6648
6650
6652
6654
6656
6658
6660
6662
6664
6666
6668
6670
6672
6674
6676
6678
6680
6682
6684
6686
6688
6690
6692
6694
6696
6698
6700
6702
6704
6706
6708
6710
6712
6714
6716
6718
6720
6722
6724
6726
6728
6730
6732
6734
6736
6738
6740
6742
6744
6746
6748
6750
6752
6754
6756
6758
6760
6762
6764
6766
6768
6770
6772
6774
6776
6778
6780
6782
6784
6786
6788
6790
6792
6794
6796
6798
6800
6802
6804
6806
6808
6810
6812
6814
6816
6818
6820
6822
6824
6826
6828
6830
6832
6834
6836
6838
6840
6842
6844
6846
6848
6850
6852
6854
6856
6858
6860
6862
6864
6866
6868
6870
6872
6874
6876
6878
6880
6882
6884
6886
6888
6890
6892
6894
6896
6898
6900
6902
6904
6906
6907
6910
6912
6914
6915
6918
6920
6922
6923
6926
6928
6930
6931
6934
6936
6938
6939
6942
6944
6946
6947
6950
6952
6954
6955
6958
6960
6962
6963
6966
6968
6970
6971
6974
6976
6978
6979
6982
6984
6986
6988
6990
6992
6994
6996
6997
7000
7002
7004
7006
7008
7010
7012
7013
7016
7018
7020
7021
7024
7026
7028
7029
7032
7034
7036
7037
7040
7042
7044
7045
7048
7050
7052
7053
7056
7058
7060
7061
7064
7066
7068
7069
7072
7074
7076
7077
7080
7082
7084
7085
7088
7090
7092
7093
7096
7098
7100
7100
7101
7102
7103
7103
7104
7105
7106
7107
7108
7108
7109
7110
7111
7112
7112
7113
7114
7115
7116
7116
7117
7118
7119
7119
7120
7121
7122
7123
7124
7124
7125
7126
7127
7128
7128
7129
7130
7131
7132
7132
7133
7134
7135
7135
7136
7137
7138
7139
7140
7140
7141
7142
7143
7144
7144
7145
7146
7147
7148
7148
7149
7150
7151
7151
7152
7153
7154
7155
7156
7156
7157
7158
7159
7160
7160
7161
7162
7163
7164
7164
7165
7166
7167
7167
7168
7169
7170
7171
7172
7172
7173
7174
7175
7176
7176
7177
7178
7179
7180
7180
7181
7182
7183
7183
7184
7185
7186
7187
7188
7188
7189
7190
7191
7192
7192
7193
7194
7195
7196
7196
7197
7198
7199
7199
7200
7201
7202
7203
7204
7204
7205
7206
7207
7208
7208
7209
7210
7211
7212
7212
7213
7214
7215
7215
7216
7217
7218
7219
7220
7220
7221
7222
7223
7224
7224
7225
7226
7227
7228
7228
7229
7230
7231
7231
7232
7233
7234
7235
7236
7236
7237
7238
7239
7240
7240
7241
7242
7243
7244
7244
7245
7246
7247
7247
7248
7249
7250
7251
7252
7252
7253
7254
7255
7256
7256
7257
7258
7259
7260
7260
7261
7262
7263
7263
7264
7265
7266
7267
7268
7268
7269
7270
7271
7272
7272
7273
7274
7275
7276
7276
7277
7278
7279
7279
7280
7281
7282
7283
7284
7284
7285
7286
7287
7288
7288
7289
7290
7291
7292
7292
7293
7294
7295
7295
7296
7297
7298
7299
7300
7300
7301
7302
7303
7304
7304
7305
7306
7307
7308
7308
7309
7310
7311
7311
7312
7313
7314
7315
7316
7316
7317
7318
7319
7320
7320
7321
7322
7323
7324
7324
7325
7326
7327
7327
7328
7329
7330
7331
7332
7332
7333
7334
7335
7336
7336
7337
7338
7339
7340
7340
7341
7342
7343
7343
7344
7345
7346
7347
7348
7348
7349
7350
7351
7352
7352
7353
7354
7355
7356
7356
7357
7358
7359
7359
7360
7361
7362
7363
7364
7364
7365
7366
7367
7368
7368
7369
7370
7371
7372
7372
7373
7374
7375
7375
7376
7377
7378
7379
7380
7380
7381
7382
7383
7384
7384
7385
7386
7387
7388
7388
7389
7390
7391
7391
7392
7393
7394
7395
7396
7396
7397
7398
7399
7400
7400
7401
7402
7403
7404
7404
7405
7406
7407
7407
7408
7409
7410
7411
7412
7412
7413
7414
7415
7416
7416
7417
7418
7419
7420
7420
7421
7422
7423
7423
7424
7425
7426
7427
7428
7428
7429
7430
7431
7432
7432
7433
7434
7435
7436
7436
7437
7438
7439
7439
7440
7441
7442
7443
7444
7444
7445
7446
7447
7448
7448
7449
7450
7451
7452
7452
7453
7454
7455
7455
7456
7457
7458
7459
7460
7460
7461
7462
7463
7464
7464
7465
7466
7467
7468
7468
7469
7470
7471
7471
7472
7473
7474
7475
7476
7476
7477
7478
7479
7480
7480
7481
7482
7483
7484
7484
7485
7486
7487
7488
7488
7489
7490
7491
7492
7492
7493
7494
7495
7496
7496
7497
7498
7499
7500
7483
7466
7450
7433
7416
7400
7383
7366
7350
7333
7316
7300
7283
7266
7250
7233
7216
7200
7183
7166
7150
7133
7116
7100
7083
7066
7050
7033
7016
7000
6998
6997
6996
6994
6993
6992
6990
6989
6988
6986
6985
6984
6982
6981
6980
6978
6977
6976
6974
6973
6971
6970
6969
6968
6966
6965
6964
6962
6961
6960
6958
6957
6955
6954
6953
6952
6950
6949
6948
6946
6945
6944
6942
6941
6939
6938
6937
6936
6934
6933
6932
6930
6929
6928
6926
6925
6923
6922
6921
6920
6918
6917
6916
6914
6913
6912
6910
6909
6907
6906
6905
6904
6902
6901
6900
6898
6897
6896
6894
6893
6891
6890
6889
6888
6886
6885
6884
6882
6881
6880
6878
6877
6875
6874
6873
6872
6870
6869
6868
6866
6865
6864
6862
6861
6859
6858
6857
6856
6854
6853
6852
6850
6849
6848
6846
6845
6843
6842
6841
6840
6838
6837
6836
6834
6833
6832
6830
6829
6827
6826
6825
6824
6822
6821
6820
6818
6817
6816
6814
6813
6811
6810
6809
6808
6806
6805
6804
6802
6801
6800
6798
6797
6795
6794
6793
6792
6790
6789
6788
6786
6785
6784
6782
6781
6779
6778
6777
6776
6774
6773
6772
6770
6769
6768
6766
6765
6763
6762
6761
6760
6758
6757
6756
6754
6753
6752
6750
6749
6747
6746
6745
6744
6742
6741
6740
6738
6737
6736
6734
6733
6731
6730
6729
6728
6726
6725
6724
6722
6721
6720
6718
6717
6715
6714
6713
6712
6710
6709
6708
6706
6705
6704
6702
6701
6699
6698
6697
6696
6694
6693
6692
6690
6689
6688
6686
6685
6683
6682
6681
6680
6678
6677
6676
6674
6673
6672
6670
6669
6667
6666
6665
6664
6662
6661
6660
6658
6657
6656
6654
6653
6651
6650
6649
6648
6646
6645
6644
6642
6641
6640
6638
6637
6635
6634
6633
6632
6630
6629
6628
6626
6625
6624
6622
6621
6619
6618
6617
6616
6614
6613
6612
6610
6609
6608
6606
6605
6603
6602
6601
6600
6595
6591
6587
6582
6578
6574
6569
6565
6561
6557
6552
6548
6544
6540
6535
6531
6527
6522
6518
6514
6510
6505
6501
6497
6492
6488
6484
6479
6475
6471
6467
6462
6458
6454
6449
6445
6441
6437
6432
6428
6424
6420
6415
6411
6407
6402
6398
6394
6390
6385
6381
6377
6372
6368
6364
6359
6355
6351
6347
6342
6338
6334
6330
6325
6321
6317
6312
6308
6304
6300
6304
6308
6311
6316
6320
6324
6327
6332
6336
6340
6343
6348
6352
6356
6359
6364
6368
6372
6375
6380
6384
6388
6391
6396
6400
6404
6407
6412
6416
6420
6423
6428
6432
6436
6439
6444
6448
6452
6455
6460
6464
6468
6471
6476
6480
6484
6488
6492
6496
6500
6504
6508
6512
6516
6520
6524
6528
6532
6536
6540
6544
6548
6552
6556
6560
6564
6568
6572
6576
6580
6584
6588
6592
6596
6600
6604
6608
6612
6616
6620
6624
6628
6632
6636
6640
6644
6648
6652
6656
6660
6664
6668
6672
6676
6680
6684
6688
6692
6696
6700
6702
6704
6706
6708
6710
6712
6714
6716
6718
6720
6722
6724
6726
6728
6730
6732
6734
6736
6738
6740
6742
6744
6746
6748
6750
6752
6754
6756
6758
6760
6762
6764
6766
6768
6770
6772
6774
6776
6778
6780
6782
6784
6786
6788
6790
6792
6794
6796
6798
6800
6802
6804
6806
6808
6810
6812
6814
6816
6818
6820
6822
6824
6826
6828
6830
6832
6834
6836
6838
6840
6842
6844
6846
6848
6850
6852
6854
6856
6858
6860
6862
6864
6866
6868
6870
6872
6874
6876
6878
6880
6882
6884
6886
6888
6890
6892
6894
6896
6898
6900
6902
6904
6906
6907
6910
6912
6914
6915
6918
6920
6922
6923
6926
6928
6930
6931
6934
6936
6938
6939
6942
6944
6946
6947
6950
6952
6954
6955
6958
6960
6962
6963
6966
6968
6970
6971
6974
6976
6978
6979
6982
6984
6986
6988
6990
6992
6994
6996
6997
7000
7002
7004
7006
7008
7010
7012
7013
7016
7018
7020
7021
7024
7026
7028
7029
7032
7034
7036
7037
7040
7042
7044
7045
7048
7050
7052
7053
7056
7058
7060
7061
7064
7066
7068
7069
7072
7074
7076
7077
7080
7082
7084
7085
7088
7090
7092
7093
7096
7098
7100
7101
7102
7103
7105
7106
7108
7109
7110
7112
7113
7114
7116
7117
7118
7119
7121
7122
7124
7125
7126
7128
7129
7130
7132
7133
7134
7135
7137
7138
7140
7141
7142
7144
7145
7146
7148
7149
7150
7151
7153
7154
7156
7157
7158
7160
7161
7162
7164
7165
7166
7167
7169
7170
7172
7173
7174
7176
7177
7178
7180
7181
7182
7183
7185
7186
7188
7189
7190
7192
7193
7194
7196
7197
7198
7199
7201
7202
7204
7205
7206
7208
7209
7210
7212
7213
7214
7215
7217
7218
7220
7221
7222
7224
7225
7226
7228
7229
7230
7231
7233
7234
7236
7237
7238
7240
7241
7242
7244
7245
7246
7247
7249
7250
7252
7253
7254
7256
7257
7258
7260
7261
7262
7263
7265
7266
7268
7269
7270
7272
7273
7274
7276
7277
7278
7279
7281
7282
7284
7285
7286
7288
7289
7290
7292
7293
7294
7295
7297
7298
7300
7301
7302
7304
7305
7306
7308
7309
7310
7311
7313
7314
7316
7317
7318
7320
7321
7322
7324
7325
7326
7327
7329
7330
7332
7333
7334
7336
7337
7338
7340
7341
7342
7343
7345
7346
7348
7349
7350
7352
7353
7354
7356
7357
7358
7359
7361
7362
7364
7365
7366
7368
7369
7370
7372
7373
7374
7375
7377
7378
7380
7381
7382
7384
7385
7386
7388
7389
7390
7391
7393
7394
7396
7397
7398
7400
7401
7402
7404
7405
7406
7407
7409
7410
7412
7413
7414
7416
7417
7418
7420
7421
7422
7423
7425
7426
7428
7429
7430
7432
7433
7434
7436
7437
7438
7439
7441
7442
7444
7445
7446
7448
7449
7450
7452
7453
7454
7455
7457
7458
7460
7461
7462
7464
7465
7466
7468
7469
7470
7471
7473
7474
7476
7477
7478
7480
7481
7482
7484
7485
7486
7488
7489
7490
7492
7493
7494
7496
7497
7498
