7500
7499
7498
7497
7496
7495
7494
7493
7492
7491
7490
7489
7488
7487
7486
7485
7484
7483
7482
7481
7480
7479
7478
7477
7476
7475
7474
7473
7471
7471
7470
7469
7468
7467
7466
7465
7464
7463
7462
7461
7460
7459
7458
7457
7455
7455
7454
7453
7452
7451
7450
7449
7448
7447
7446
7445
7444
7443
7442
7441
7439
7439
7438
7437
7436
7435
7434
7433
7432
7431
7430
7429
7428
7427
7426
7425
7423
7423
7422
7421
7420
7419
7418
7417
7416
7415
7414
7413
7412
7411
7410
7409
7407
7407
7406
7405
7404
7403
7402
7401
7400
7399
7398
7397
7396
7395
7394
7393
7391
7391
7390
7389
7388
7387
7386
7385
7384
7383
7382
7381
7380
7379
7378
7377
7375
7375
7374
7373
7372
7371
7370
7369
7368
7367
7366
7365
7364
7363
7362
7361
7359
7359
7358
7357
7356
7354
7354
7353
7352
7351
7350
7349
7348
7346
7346
7345
7343
7343
7342
7341
7340
7338
7338
7337
7336
7335
7334
7333
7332
7330
7330
7329
7327
7327
7326
7325
7324
7322
7322
7321
7320
7319
7318
7317
7316
7314
7314
7313
7311
7311
7310
7309
7308
7306
7306
7305
7304
7303
7302
7301
7300
6000
7200
7198
7196
7194
7192
7190
7188
7186
7184
7182
7180
7178
7176
7174
7172
7170
7168
7166
7164
7162
7160
7158
7156
7154
7152
7150
7148
7146
7144
7142
7140
7138
7136
7134
7132
7130
7128
7126
7124
7122
7120
7118
7116
7114
7112
7110
7108
7106
7104
7102
7100
7098
7096
7094
7092
7090
7088
7086
7084
7082
7080
7078
7076
7074
7072
7070
7068
7066
7064
7062
7060
7058
7056
7054
7052
7050
7048
7046
7044
7042
7040
7038
7036
7034
7032
7030
7028
7026
7024
7022
7020
7018
7016
7014
7012
7010
7008
7006
7004
7002
7000
6998
6996
6994
6992
6990
6988
6986
6984
6982
6980
6978
6976
6974
6971
6970
6968
6966
6964
6962
6960
6958
6955
6954
6952
6950
6948
6946
6944
6942
6939
6938
6936
6934
6932
6930
6928
6926
6923
6922
6920
6918
6916
6914
6912
6910
6907
6906
6904
6902
6900
6898
6896
6894
6891
6890
6888
6886
6884
6882
6880
6878
6875
6874
6872
6870
6868
6866
6864
6862
6859
6858
6856
6854
6852
6850
6848
6846
6843
6842
6840
6838
6836
6834
6832
6830
6827
6826
6824
6822
6820
6818
6816
6814
6811
6810
6808
6806
6804
6802
6800
8000
8000
6800
6798
6798
6797
6796
6795
6794
6793
6792
6790
6790
6789
6788
6787
6786
6785
6784
6782
6782
6781
6780
6779
6778
6777
6776
6774
6774
6773
6772
6771
6770
6769
6768
6767
6766
6765
6764
6763
6762
6761
6760
6759
6758
6757
6756
6755
6754
6753
6752
6751
6750
6749
6748
6747
6746
6745
6744
6743
6742
6741
6740
6739
6738
6737
6736
6735
6734
6733
6732
6731
6730
6729
6728
6727
6726
6725
6724
6723
6722
6721
6720
6719
6718
6717
6716
6715
6714
6713
6712
6711
6710
6709
6708
6707
6706
6705
6704
6703
6702
6701
6700
6693
6686
6680
6673
6666
6660
6653
6646
6640
6633
6626
6620
6613
6606
6600
6593
6586
6580
6573
6566
6560
6553
6546
6540
6533
6526
6520
6513
6506
6500
6493
6486
6480
6473
6466
6460
6453
6446
6439
6433
6426
6420
6413
6406
6400
6393
6386
6380
6373
6366
6359
6353
6346
6340
6333
6326
6320
6313
6306
6300
8000
6300
6306
6314
6321
6327
6335
6342
6349
6356
6363
6370
6377
6383
6391
6398
6405
6412
6419
6426
6433
6439
6447
6454
6461
6468
6475
6482
6489
6496
6503
6510
6516
6524
6531
6538
6545
6552
6559
6566
6572
6580
6587
6594
6601
6608
6615
6622
6629
6636
6643
6650
6657
6664
6671
6678
6685
6692
6699
6705
6713
6720
6727
6734
6741
6748
6755
6762
6769
6776
6783
6790
6797
6804
6811
6818
6825
6832
6839
6846
6853
6860
6867
6874
6881
6888
6895
6902
6909
6916
6923
6930
6937
6944
6951
6958
6965
6971
6979
6986
6993
7000
6000
7000
7003
7006
7010
7013
7016
7020
7023
7026
7030
7033
7036
7040
7043
7046
7050
7053
7056
7060
7063
7066
7069
7073
7076
7080
7083
7086
7090
7093
7096
7100
8000
7100
7113
7127
7141
7155
7168
7182
7196
7210
7224
7237
7251
7265
7279
7293
7306
7320
7334
7348
7362
7375
7389
7403
7417
7431
7444
7458
7472
7486
7500
6000
7500
7497
7494
7491
7488
7485
7482
7479
7476
7473
7470
7467
7464
7461
7458
7455
7452
7449
7446
7443
7440
7437
7434
7431
7428
7425
7422
7419
7416
7413
7410
7407
7404
7401
7398
7395
7392
7389
7386
7383
7380
7377
7374
7371
7368
7365
7362
7359
7356
7353
7350
7347
7344
7341
7338
7335
7332
7329
7326
7323
7320
7317
7314
7311
7308
7305
7302
7299
7296
7293
7290
7287
7284
7281
7278
7275
7272
7269
7266
7263
7260
7257
7254
7251
7248
7245
7242
7239
7236
7233
7230
7227
7224
7221
7218
7215
7212
7209
7206
7203
7200
7195
7191
7186
7182
7177
7173
7169
7164
7160
7155
7151
7147
7142
7138
7133
7129
7125
7120
7116
7111
7107
7102
7098
7094
7089
7085
7080
7076
7072
7067
7063
7058
7054
7050
7045
7041
7036
7032
7027
7023
7019
7014
7010
7005
7001
6997
6992
6988
6983
6979
6975
6970
6966
6961
6957
6952
6948
6944
6939
6935
6930
6926
6922
6917
6913
6908
6904
6900
8000
6800
6790
6780
6770
6760
6750
6740
6729
6720
6710
6700
6689
6680
6670
6660
6649
6640
6630
6620
6609
6600
6590
6580
6569
6560
6550
6540
6529
6520
6510
6500
6490
6479
6470
6460
6450
6439
6430
6420
6410
6399
6390
6380
6370
6359
6350
6340
6330
6320
6310
6300
8000
6300
1000
1133
1266
1400
1533
1666
1800
1933
2066
2200
2333
2466
2600
2733
2866
3000
3133
3266
3400
3533
3666
3800
3933
4066
4200
4333
4466
4600
4733
4866
5000
5133
5266
5400
5533
5666
5800
5933
6066
6200
6333
6466
6600
6733
6866
