200	20
6000
6000
6000
6000
6000
6000
6000
6000
6000
6000
7500
7500
7500
7500
7500
7500
7500
7500
7500
7500
7500
7500
7500
7500
7500
7500
7500
7500
7500
7500
7500
7500
7500
7500
7500
7500
7500
7500
7500
7500
7500
7500
7500
7500
7500
7500
7500
7500
7500
7500
7500
7500
7500
7500
7500
7500
7500
7500
7500
7500
7500
7500
7500
7500
7500
7500
7500
7500
7500
7500
7500
7500
7500
7500
7500
7500
7500
7500
7500
7500
7500
7500
7500
7500
7500
7500
7500
7500
7500
7500
7500
7500
7500
7500
7500
7500
7500
7500
7500
7500
7500
7500
7500
7500
7500
7500
7500
7500
7500
7500
6000
6000
6000
6000
6000
6000
6000
6000
6000
6000
7000
7000
7000
7000
7000
7000
7000
7000
7000
7000
7000
7000
7000
7000
7000
7000
7000
7000
7000
7000
7000
7000
7000
7000
7000
7000
7000
7000
7000
7000
7000
7000
7000
7000
7000
7000
7000
7000
7000
7000
7000
7000
7000
7000
7000
7000
7000
7000
7000
7000
7000
7000
7000
7000
7000
7000
7000
7000
7000
7000
7000
7000
7000
7000
7000
7000
7000
7000
7000
7000
7000
7000
7000
7000
7000
7000
7000
7000
7000
7000
