200	10
6000
6020
6040
6060
6080
6100
6120
6140
6160
6180
6200
6220
6240
6260
6280
6300
6320
6340
6360
6380
6400
6420
6440
6460
6480
6500
6520
6540
6560
6580
6600
6620
6640
6660
6680
6700
6720
6740
6760
6780
6800
6820
6840
6860
6880
6900
6920
6940
6960
6980
7000
7020
7040
7060
7080
7100
7120
7140
7160
7180
7200
7220
7240
7260
7280
7300
7320
7340
7360
7380
7400
7420
7439
7460
7480
7500
7520
7540
7560
7580
7600
7620
7640
7660
7680
7700
7720
7740
7760
7780
7800
7820
7840
7860
7880
7900
7920
7939
7960
7980
8000
7960
7920
7880
7840
7800
7760
7720
7680
7640
7600
7560
7520
7480
7439
7400
7360
7320
7280
7240
7200
7160
7120
7080
7040
7000
6960
6920
6880
6840
6800
6760
6720
6680
6640
6600
6560
6520
6480
6439
6400
6359
6320
6280
6240
6200
6160
6120
6080
6040
6000
6040
6080
6120
6160
6200
6240
6280
6320
6360
6400
6440
6480
6520
6560
6600
6640
6680
6720
6760
6800
6840
6880
6920
6960
7000
7040
7080
7120
7160
7200
7240
7280
7320
7360
7400
7439
7480
7520
7560
7600
7640
7680
7720
7760
7800
7840
7880
7920
7960
